Frontier-action agreement vs swe-rebench — per benched model (actions only; engy glm-5.2, 2 samples @T=0.8 + greedy per turn)

===== panel rt7: 30 benched models =====
label            swe turns  agree_F  excess_F  agree_G  excess_G  agree_T  exact_F
albedo-genesis  0.20   236    0.412    +0.073    0.342    +0.046    0.550    0.168
chal-00236      0.20    79    0.322    +0.044    0.283    +0.038    0.474    0.113
chal-00232      0.16    80    0.399    +0.085    0.323    +0.063    0.550    0.153
chal-00235      0.16    80    0.377    +0.046    0.321    +0.028    0.654    0.178
chal-00237      0.16    79    0.444    +0.097    0.411    +0.076    0.552    0.199
chal-00255      0.16    79    0.307    +0.042    0.269    +0.039    0.531    0.117
chal-00289      0.16    80    0.367    +0.000    0.303    +0.005    0.657    0.181
chal-00233      0.12    80    0.383    +0.030    0.310    +0.031    0.601    0.147
chal-00276      0.12    79    0.377    +0.029    0.275    +0.021    0.598    0.158
chal-00307      0.12    79    0.301    -0.020    0.249    -0.003    0.615    0.108
chal-00337      0.12    79    0.299    -0.012    0.223    -0.010    0.595    0.130
chal-00350      0.12    79    0.348    +0.035    0.252    +0.028    0.634    0.171
chal-00378      0.12    79    0.291    +0.025    0.259    +0.020    0.619    0.111
chal-00222      0.08    79    0.419    +0.085    0.352    +0.044    0.558    0.196
chal-00234      0.08    79    0.349    +0.014    0.284    +0.023    0.589    0.146
chal-00343      0.08    80    0.331    +0.006    0.228    -0.002    0.673    0.144
chal-00353      0.08    79    0.328    +0.018    0.273    +0.011    0.607    0.139
chal-00359      0.08    78    0.280    +0.004    0.290    +0.016    0.644    0.106
chal-00315      0.04    80    0.367    +0.003    0.327    +0.008    0.649    0.200
chal-00325      0.04    80    0.343    +0.018    0.269    +0.011    0.659    0.159
chal-00333      0.04    79    0.292    +0.012    0.245    +0.009    0.619    0.079
chal-00355      0.04    79    0.381    +0.006    0.309    +0.023    0.705    0.190
chal-00220      0.00    79    0.404    +0.069    0.314    +0.023    0.518    0.158
reign-2         0.00   792    0.340    +0.016    0.292    +0.017    0.618    0.133
reign-3         0.00  1345    0.336    +0.014    0.281    +0.011    0.638    0.148
chal-00321      0.00    78    0.353    -0.007    0.304    -0.008    0.636    0.167
chal-00338      0.00    78    0.343    +0.042    0.292    +0.020    0.587    0.154
chal-00358      0.00    79    0.322    +0.014    0.318    +0.007    0.659    0.133
reign-4         0.00   160    0.356    +0.021    0.311    +0.003    0.591    0.124
chal-00403      0.00    80    0.346    +0.011    0.355    +0.016    0.595    0.130

metric     Spearman vs swe   perm p
agree_F             +0.034   0.8600
excess_F            +0.289   0.1502
agree_G             -0.104   0.5855
excess_G            +0.426   0.0350
agree_T             -0.237   0.2204
exact_F             +0.006   0.9747
S (v2 era)          -0.274   0.1761   <- the teacher-side score on the same models
F − T               +0.207   0.2934

===== panel reigns: 9 benched models =====
label            swe turns  agree_F  excess_F  agree_G  excess_G  agree_T  exact_F
reign-8         0.46   150    0.418    -0.001    0.352    -0.022    0.603    0.100
reign-7         0.44   297    0.392    -0.021    0.351    -0.034    0.584    0.111
reign-1         0.40   300    0.525    +0.049    0.442    +0.045    0.554    0.210
reign-6         0.38   296    0.419    +0.012    0.392    +0.002    0.593    0.132
reign-4         0.36   296    0.434    +0.007    0.392    +0.013    0.570    0.128
reign-2         0.34   300    0.555    +0.074    0.473    +0.055    0.538    0.260
reign-5         0.34   297    0.421    +0.004    0.375    -0.002    0.576    0.145
reign-0         0.30   150    0.566    +0.104    0.508    +0.115    0.458    0.307
reign-3         0.26   298    0.439    -0.009    0.383    -0.030    0.545    0.154

metric     Spearman vs swe   perm p
agree_F             -0.717   0.0402
excess_F            -0.333   0.3868
agree_G             -0.533   0.1537
excess_G            -0.350   0.3591
agree_T             +0.800   0.0148
exact_F             -0.733   0.0331
F − T               -0.717   0.0402
